DNN(15,20,20) 0.38636363
DNN(15,20,15) 0.4318182
DNN(5,10,10) 0.5
DNN(15,15,10) 0.5
DNN(15,15,15) 0.5
DNN(5,20,15) 0.52272725
DNN(10,20,15) 0.52272725
DNN(15,5,20) 0.54545456
DNN(20,5,15) 0.54545456
DNN(20,20,15) 0.54545456
DNN(5,5,5) 0.5681818
DNN(10,10,10) 0.5681818
DNN(5,15,5) 0.59090906
DNN(10,5,20) 0.59090906
DNN(10,10,20) 0.59090906
DNN(10,15,10) 0.59090906
DNN(20,10,10) 0.59090906
DNN(20,20,20) 0.59090906
DNN(5,5,20) 0.6136364
DNN(5,10,5) 0.6136364
DNN(5,10,15) 0.6136364
DNN(5,20,5) 0.6136364
DNN(5,20,20) 0.6136364
DNN(10,5,5) 0.6136364
DNN(10,5,10) 0.6136364
DNN(10,10,5) 0.6136364
DNN(10,10,15) 0.6136364
DNN(10,15,5) 0.6136364
DNN(10,20,5) 0.6136364
DNN(15,5,5) 0.6136364
DNN(15,5,10) 0.6136364
DNN(15,5,15) 0.6136364
DNN(15,10,5) 0.6136364
DNN(15,10,20) 0.6136364
DNN(15,15,5) 0.6136364
DNN(15,20,5) 0.6136364
DNN(20,5,10) 0.6136364
DNN(20,5,20) 0.6136364
DNN(20,20,10) 0.6136364
DNN(10,15,15) 0.6363636
DNN(10,15,20) 0.6363636
DNN(10,20,10) 0.6363636
DNN(15,10,10) 0.6363636
DNN(20,5,5) 0.6363636
DNN(20,15,10) 0.6363636
DNN(5,5,15) 0.65909094
DNN(5,15,15) 0.65909094
DNN(10,5,15) 0.65909094
DNN(10,20,20) 0.65909094
DNN(15,10,15) 0.65909094
DNN(15,15,20) 0.65909094
DNN(20,10,15) 0.65909094
DNN(5,10,20) 0.6818182
DNN(5,15,10) 0.6818182
DNN(5,15,20) 0.6818182
DNN(5,20,10) 0.6818182
DNN(15,20,10) 0.6818182
DNN(20,10,5) 0.6818182
DNN(20,15,15) 0.6818182
DNN(5,5,10) 0.70454544
DNN(20,15,5) 0.70454544
DNN(20,15,20) 0.72727275
DNN(20,20,5) 0.72727275
DNN(20,10,20) 0.75
